010101110111001110110100101. 000

REGNUM
immensum.

0010 111. 1111011101 00 0000 1111. 1100 Moysi· 00

0000 11. 0011111101 00 11001 regunt 11 Attiou
11, 0, 7. 00

0000 111. 1110111011 00 0000 1100101,- 00. 111111 ugera,

1111 1110111111 01ηο10

1111011101 1111 Deucalione 1110110100110111111111·

1101001111 ntulit 10 1111111111 tur. 11111, 0, 11.

00. (100100111011111001111 0000 Α100010111.11.01111111111, ’
1000011 1100111110οηί1 10· 0, 0. 0
111111,0,10. 070011100101110100111,0,10. 10

0710 11,01001111101111 10
0000 1111011011111 00 0700 1. Pandion 00

0700 001111101101111111 00 0800 11.11101111111111 00

’ 0700 1110011001101 00 ’1110101000 fruman
0000 11. 1000111111 ⁸² distribuit: 11,0,10.
08001110011111 00 1811 vn, Cecrops 1000111111. 00
11001110 00. 111011011-
tm 1111. 1111101101 00 11, qui 01 Liber 01101,
1111011110 111101 111011-
0000 11111. 1111111111 00 1101 Ninum 1101001111
01101 1111100110]οι 10. Indum 1111111011 0011110111
’101111 00011111. vid. 111, 7, 0.
11111, 0, 0.

Ati. 1000011101111110111111. AM.

0000 1111. Pandion 00

. 0007 xxiv. 00111001 10 0010 11.1110111Ρ100101111·’.11,

0,11. 10
0000 111.Μί111111111 07 sub 000 Argonautarum
0010111101 AEgypti 10- 011101110. 1111, 0, 10.
cundum 0101. 1. 10. 110 1111011111 consummat 011-
quo 11, 0, 0. 11 1, 1, 0. 1101011100,ιο
1011011101 Nino 11101101. 0000 1.1“1101001;11,0,10. 00
00111111 1101011111 11,
0000 1111. ’1111111011 00 0, 0.
00001111001111011110110. 00
1110110001 Priamo tulere
subsidium 1 11, 0, 01.

1111111, qni 001101 Romn-
11 nuncupati 1011, 0011 001011011 01111. Colligitur
tertium 10111110 0101111- 0001110001 1 00. ann.
11111 Τ10110, 1110, ut qui· 10001 Nini, 10 captam
= . 1110101101, 0011111οι10 ’110010100000000
0.100111111.Ἐι1111111001 11111. 0100101111οι0.
0. 11111οΕ11010 1111111, 001011111000011000101010111.
01101011,Ρ1011,1“101101, 11,0,10. 00
1111100110 111111 110111- Pyrrhus 1001001110100010
1011010111 011011111οο. 1100111011 100101110οοί·
111111, 1, 0. 111101 proditione 11011-
Ρο11 010010 1110111111 · 1101. 1111011111 1111, 0,
11. 00. 11111, 1, 10. 7.

 

